
000001 00000 00001 00000 00000 001100
000001 00000 00010 00000 00000 000001
000001 00000 00011 00000 00000 011111
000001 00000 00100 00000 00000 011001
000001 00000 00101 00000 00000 011000
000111 00011 00110 00000 00000 000001
000111 00011 00111 00000 00000 000010
000111 00100 00101 00000 00000 000000
000111 00101 00111 00000 00000 000000
000010 00100 00100 00000 00000 000010
000010 00101 00101 00000 00000 000010
000000 00111 00100 01010 00000 010001
			
			
000001 00000 01101 00000 00000 100000
000001 00000 01100 00000 00000 000000
000000 00111 01011 01101 00000 010010
000000 01010 00000 01110 00000 000001
001010 01101 01100 00000 00000 001000
000110 01010 01010 00000 00000 000001
000001 01100 01100 00000 00000 000001
001011 01101 01100 11111 11111 111101
000001 00000 01100 00000 00000 000000
000000 01011 01101 01111 00000 010001
000101 01110 01110 00000 00000 000001
000001 01100 01100 00000 00000 000001
001011 01111 01100 11111 11111 111101
000000 01010 01110 01010 00000 010011
000000 00110 00110 10000 00000 010100
000000 10001 00111 10001 00000 010100
000000 10000 00111 10010 00000 010010
000000 10001 00110 10011 00000 010010
000000 10010 10011 00111 00000 010011
000000 00110 00001 10010 00000 010001
000001 00000 01100 00000 00000 000000
000000 00110 01010 01101 00000 010010
000000 10100 00000 01110 00000 000001
001010 01101 01100 00000 00000 001000
000110 10100 10100 00000 00000 000001
000000 01100 01100 00000 00000 000001
001011 01101 01100 11111 11111 111101
000001 00000 01100 00000 00000 000000
000000 01011 01101 01111 00000 010001
000101 01110 01110 00000 00000 000001
000001 01100 01100 00000 00000 000001
001011 01111 01100 11111 11111 111101
000000 10100 01110 10100 00000 010011
000000 00111 00111 10001 00000 010100
000000 10000 00111 01111 00000 010010
000000 10001 00110 10010 00000 010010
000000 10010 01011 00110 00000 010011
001000 00011 00110 00000 00000 000001
001000 00011 00111 00000 00000 000010
000010 00001 00001 00000 00000 000001
001011 00010 00001 11111 11111 001111
000010 00001 00001 00000 00000 000001
000010 00100 00100 00000 00000 000010
000010 00101 00101 00000 00000 000010
001000 00011 00110 00000 00000 000001
001000 00011 00111 00000 00000 000010
000111 00011 00110 00000 00000 000001
000111 00011 00111 00000 00000 000010
000111 00100 01000 00000 00000 000000
000111 00101 01001 00000 00000 000000
000000 00111 01000 00111 00000 000001
000000 00110 01001 00110 00000 000001
001000 00011 00110 00000 00000 000001
001000 00011 00111 00000 00000 000010

