		
		
		
		
000001 00000 00001 00000 00000 000000	
000001 00000 00010 00000 00000 001100	
000001 00000 00011 00000 00000 011101	
000001 00000 00100 00000 00000 011111	
000001 00000 00101 00000 00000 000010	
000001 00000 00110 00000 00000 000011	
000111 00001 00111 00000 00000 000000	
000111 00001 01000 00000 00000 000001	
000111 00011 01001 00000 00000 000001	
000111 00011 01010 00000 00000 000010	
000000 00111 01001 01011 00000 010000	
000000 01000 01010 01100 00000 010000		
001000 00100 01011 00000 00000 000001	
001000 00100 01100 00000 00000 000010	
000001 00001 00001 00000 00000 000001	
000111 00100 01101 00000 00000 000001	
000111 00100 01100 00000 00000 000010	
000111 00101 00111 00000 00000 000000	
000111 00110 01000 00000 00000 000000	
000001 00101 00101 00000 00000 000010	
000001 00110 00110 00000 00000 000010	
000000 01011 01011 01101 00000 010100		
000000 01100 01100 01110 00000 010100		
000000 01011 01110 01111 00000 010010		
000000 01100 01101 10000 00000 010010		
000001 00000 10010 00000 00000 100000		
000000 10000 01111 10001 00000 010011		
000001 00000 10011 00000 00000 000000	
000000 10010 01100 10100 00000 010010		
000000 10001 00000 10101 00000 010000		
001010 10100 10011 00000 00000 001010		
000101 10001 10001 00000 00000 000001		
000001 10011 10011 00000 00000 000001		
000001 00000 00000 00000 00000 000000		
001011 10100 10011 11111 11111 111100		
000001 00000 10011 00000 00000 000000		
000000 10010 10100 10100 00000 010001		
000110 10101 10101 00000 00000 000001		
000001 10011 10011 00000 00000 000001		
001011 10100 10011 11111 11111 111101		
000000 10001 10101 10001 00000 010011		
000000 10001 00111 01101 00000 010000		
000000 01011 01011 01101 00000 010100		
000000 01011 01110 01111 00000 010010		
000000 01100 01101 10000 00000 010010		
000000 01111 10000 10001 00000 010011		
000001 00000 10011 00000 00000 000000		
000000 10001 00000 10101 00000 010000		
001010 10100 10011 00000 00000 001010		
000101 10001 10001 00000 00000 000001	
000001 10011 10011 00000 00000 000001		
000001 00000 00000 00000 00000 000000	
001011 10100 10011 11111 11111 111100	
000001 00000 10011 00000 00000 000001		
000000 10100 10100 10010 00000 010001		
000110 10101 10101 00000 00000 000001	
000001 10011 10011 00000 00000 000001		
001011 10100 10011 11111 11111 111101		
000000 01000 10001 01100 00000 010010	
000000 10101 10001 10001 00000 010011		
000001 00001 00001 00000 00000 000001		
001000 00100 01011 00000 00000 000001		
001000 00100 01100 00000 00000 000010		
001011 00010 00001 11111 11111 001110		
111111 00000 00000 00000 00000 000000           
