000001 00000 00001 0000000000000000
000001 00000 00010 0000000000000000
000001 00000 00011 0000000000000000
000001 00000 00100 0000000001001101
000001 00000 00101 0000000000011001
000001 00000 00110 0000000000000011
000000 00000 00010 00111 00000 010000 
000001 00000 01000 0000000000011111
000001 00000 11001 0000000000100000
000111 00100 01001 0000000000000000
000111 01000 01010 0000000000000001
000111 01000 01011 0000000000000010
000000 01010 01011 01100 00000 010000
000000 00000 00000 0000000000000000
000000 01001 01100 01101 00000 010000
000101 01101 10000 0000000000000011
000110 01101 01111 0000000000011100
000001 00000 10001 0000000000011010
000000 10000 01111 01001 00000 010011
000111 10001 10010 0000000000000000
000000 01001 01011 10011 00000 010000
000001 00000 10100 0000000000000000
000000 10010 10011 10101 00000 010000
000000 10011 01000 10110 00000 010010
000000 00000 10101 10111 00000 010000
001010 10110 10100 0000000000001011
000101 10101 10101 0000000000000001
000001 10100 10100 0000000000000001
000001 00000 00000 0000000000000000
001011 10110 10100 1111111111111100
000001 00000 10100 0000000000000000
000000 11001 10110 11000 00000 010001
000110 10111 10111 0000000000000001
000001 10100 10100 0000000000000001
000001 00000 00000 0000000000000000
001011 11000 10100 1111111111111100
000000 10101 10111 10101 00000 010011
001000 00100 01001 0000000000000000
001000 01000 01001 0000000000000001
001000 10001 10101 0000000000000000
001000 01000 10101 0000000000000010
000001 00011 00011 0000000000000001
000001 00010 00010 0000000000000001
000001 00001 00001 0000000000000001
001011 00110 00011 0000000000000001
000001 00000 00011 0000000000000000
001011 00101 00010 0000000000000001
000001 00000 00010 0000000000000000
001011 00100 00001 1111111111011000
 




 









